7.009408	7.009408
7.009408
7.002500
7.009019
7.002073
7.008605
7.001488
7.007968
7.000841
7.007229
7.013603
7.006306
7.012734
7.005401
7.011737
7.004367
7.010557
7.003123
7.009274
7.001685
7.007851
7.000280
7.006326
7.012442
7.004715
7.010748
7.002931
7.008943
7.001110
7.007028
7.012893
7.004993
7.010784
7.002768
7.008627
7.000489
7.006236
7.011975
7.003735
7.009464
7.001134
7.006824
7.012432
7.004078
7.009675
7.001130
7.006681
7.012315
7.003643
7.009156
7.000501
7.005921
7.011368
7.002614
7.007940
7.013265
7.004467
7.009752
7.000755
7.006057
7.011278
7.002291
7.007471
7.012626
7.003486
7.008628
7.013713
7.004532
7.009523
7.000310
7.005292
7.010134
7.000852
7.005766
7.010709
7.001192
7.006068
7.010944
7.001388
7.006113
7.010925
7.001326
7.005960
7.010787
7.000955
7.005608
7.010311
7.000413
7.005000
7.009557
7.014222
7.004220
7.008656
7.013203
7.003192
7.007561
7.011987
7.001910
7.006241
7.010658
7.000373
7.004752
7.008969
7.013234
7.002876
7.007160
7.011312
7.000918
7.005078
7.009136
7.013296
7.002758
7.006879
7.010814
7.000198
7.004211
7.008254
7.012223
7.001407
7.005297
7.009342
7.013175
7.002232
7.006113
7.009976
3.010167
3.011780
3.013421
3.000181
3.001756
3.003360
3.004935
3.006540
3.008115
3.009661
3.011179
3.012725
3.014271
3.000887
3.002396
3.003878
3.005387
3.006896
3.008349
3.009828
3.011308
3.012761
3.014211
3.000632
3.002075
3.003463
3.004876
3.006264
3.007677
3.009036
3.010424
3.011807
3.013165
3.014494
3.000798
3.002121
3.003414
3.004737
3.006030
3.007347
3.008640
3.009933
3.011167
3.012461
3.013724
3.014958
3.001035
3.002263
3.003491
3.004689
3.005887
3.007085
3.008283
3.009430
3.010598
3.011796
3.012934
3.014073
3.015190
3.001095
3.002227
3.003359
3.004442
3.005515
3.006617
3.007670
3.008742
3.009796
3.010868
3.011891
3.012934
3.013958
3.015000
3.000684
3.001690
3.002679
3.003656
3.004645
3.005591
3.006550
3.007509
3.008456
3.009385
3.010283
3.011229
3.012128
3.013028
3.013896
3.014812
3.000295
3.001159
3.002024
3.002859
3.003694
3.004543
3.005378
3.006182
3.006987
3.007792
3.008566
3.009371
3.010145
3.010889
3.011663
3.012408
3.013152
3.013896
3.014609
3.015353
3.000600
3.001280
3.001990
3.002670
3.003350
3.003987
3.004667
3.005316
3.005965
3.006585
3.007234
3.007841
3.008461
3.009049
3.009668
3.010246
3.010804
3.011392
3.011950
3.012497
3.013055
3.013583
3.014141
3.014627
3.015155
3.000137
3.000622
3.001086
3.001571
3.002065
3.002528
3.002983
3.003416
3.003849
3.004304
3.004706
3.005131
3.005533
3.005929
3.006330
3.006701
3.007066
3.007437
3.007802
3.008173
3.008507
3.008847
3.009182
3.009491
3.009796
3.010105
3.010379
3.010688
3.010962
3.011210
3.011484
3.011758
3.012006
3.012219
3.012466
3.012679
3.012896
3.013109
3.013292
3.013509
3.013691
3.013847
3.013999
3.014154
3.014337
3.014458
3.014613
3.014704
3.014828
3.014950
3.015042
3.015135
3.015226
3.015288
3.015349
3.015440
3.015472
3.015533
3.015563
3.015595
3.000000
3.000000
2.000000
2.000000
2.000000
2.015594
2.015594
2.015563
2.015533
2.015502
2.015440
2.015410
2.015348
2.015287
2.015225
2.015164
2.015102
2.015010
2.014949
2.014855
2.014764
2.014642
2.014548
2.014426
2.014333
2.014210
2.014055
2.013934
2.013811
2.013656
2.013504
2.013348
2.013196
2.013040
2.012857
2.012671
2.012518
2.012336
2.012119
2.011936
2.011719
2.011536
2.011319
2.011105
2.010858
2.010644
2.010396
2.010153
2.009904
2.009656
2.009413
2.009134
2.008890
2.008611
2.008337
2.008059
2.007749
2.007475
2.007166
2.006862
2.006552
2.006242
2.005907
2.005598
2.005257
2.004923
2.004582
2.004242
2.003878
2.003537
2.003166
2.002802
2.002431
2.002030
2.001659
2.001264
2.000863
2.000462
2.000060
2.015167
2.014732
2.014297
2.013862
2.013427
2.012991
2.012556
2.012099
2.011633
2.011168
2.010702
2.010236
2.009740
2.009274
2.008778
2.008282
2.007786
2.007260
2.006764
2.006238
2.005711
2.005185
2.004658
2.004132
2.003576
2.003019
2.002453
2.001896
2.001340
2.000783
2.000197
2.014982
2.014391
2.013800
2.013209
2.012607
2.011986
2.011365
2.010744
2.010112
2.009490
2.008828
2.008207
2.007556
2.006893
2.006242
2.005550
2.004899
2.004206
2.003525
2.002832
2.002151
2.001458
2.000748
2.000025
2.014564
2.013848
2.013119
2.012391
2.011645
2.010886
2.010128
2.009383
2.008624
2.007865
2.007076
2.006287
2.005513
2.004724
2.003935
2.003117
2.002328
2.001510
2.000691
2.015023
2.014198
2.013344
2.012490
2.011665
2.010810
2.009911
2.009056
2.008202
2.007318
2.006434
2.005534
2.004649
2.003766
2.002852
2.001923
2.001009
2.000097
2.014198
2.013278
2.012311
2.011391
2.010424
2.009475
2.008508
2.007530
2.006563
2.005567
2.004588
2.003592
2.002596
2.001588
2.000592
2.014489
2.013456
2.012423
2.011408
2.010375
2.009312
2.008250
2.007216
2.006125
2.005063
2.004000
2.002909
2.001846
2.000735
2.014457
2.013328
2.012228
2.011100
2.009980
2.008852
2.007723
2.006575
2.005417
2.004289
2.003111
2.001954
2.000777
2.014323
2.013107
2.011921
2.010727
2.009511
2.008317
2.007102
2.005886
2.004642
2.003427
2.002204
2.000960
2.014312
2.013030
2.011777
2.010495
2.009213
2.007931
2.006649
2.005367
2.004057
2.002724
2.001442
2.000132
2.013305
2.011934
2.010614
2.009267
2.007895
2.006547
2.005175
2.003828
2.002456
2.001080
2.014066
2.012656
2.011271
2.009861
2.008451
2.007012
2.005599
2.004161
2.002723
2.001284
2.014131
2.012654
2.011178
2.009729
2.008253
2.006748
2.005246
2.003770
2.002266
2.000762
2.013411
2.011896
2.010381
2.008812
2.007298
2.005729
2.004186
2.002618
2.001049
2.013560
2.011980
2.010372
2.008765
2.007184
2.005576
2.003969
2.002334
2.000699
7.003700
7.011940
7.006172
7.000432
7.008572
7.002766
7.010789
7.004999
7.012961
7.007105
7.001052
7.008940
7.002937
7.010817
7.004658
7.012448
7.006395
7.000222
7.007964
7.001766
7.009270
7.003114
7.010499
7.004385
7.011678
7.005419
7.012676
7.006377
7.013597
7.007314
7.000847
7.007909
7.001560
7.008611
7.001987
7.008946
7.002494
7.002494	7.014222
